0.074716 0.808540 0.116744
0.165945 0.661370 0.172685
0.071813 0.821405 0.106782
0.137549 0.725314 0.137137
0.157999 0.711492 0.130509
0.059208 0.844091 0.096701
0.074039 0.777187 0.148773
0.021128 0.904391 0.074481
0.048972 0.835556 0.115472
0.096033 0.736120 0.167846
0.056067 0.846735 0.097198
0.068218 0.844848 0.086933
0.040055 0.896297 0.063648
0.109363 0.759069 0.131569
0.054092 0.906113 0.039795
0.079297 0.707714 0.212990
0.074677 0.832102 0.093222
0.098744 0.784022 0.117235
0.219461 0.662188 0.118352
0.190996 0.634328 0.174676
0.192225 0.639122 0.168654
0.056142 0.806736 0.137122
0.119497 0.782794 0.097708
0.108275 0.740966 0.150758
0.082697 0.826928 0.090375
0.059662 0.826770 0.113568
0.335972 0.540400 0.123628
0.161970 0.737479 0.100552
0.065671 0.823362 0.110967
0.078314 0.803375 0.118311
0.079972 0.781109 0.138919
0.045596 0.825060 0.129344
0.073219 0.820476 0.106305
0.070563 0.799751 0.129686
0.087806 0.868718 0.043477
0.178407 0.646796 0.174797
0.160781 0.718672 0.120547
0.075203 0.743771 0.181026
0.194197 0.674460 0.131343
0.088945 0.781346 0.129709
0.111559 0.765894 0.122547
0.121891 0.715897 0.162213
0.171743 0.728702 0.099555
0.143253 0.728676 0.128070
0.231699 0.647924 0.120376
0.119867 0.771725 0.108408
0.098080 0.791020 0.110900
0.075613 0.797308 0.127079
0.088769 0.788328 0.122903
0.130996 0.722298 0.146707
0.161022 0.729970 0.109008
0.075410 0.807363 0.117228
0.071063 0.857605 0.071332
0.214808 0.687458 0.097734
0.602880 0.333486 0.063634
0.118965 0.749568 0.131467
0.098617 0.766048 0.135334
0.014278 0.932364 0.053358
0.000010 0.739500 0.260490
0.016753 0.881419 0.101828
0.032206 0.691672 0.276122
0.054801 0.755663 0.189537
0.121561 0.610734 0.267705
0.082737 0.682537 0.234726
0.051048 0.727818 0.221134
0.047516 0.733533 0.218952
0.010034 0.856025 0.133941
0.106243 0.694159 0.199598
0.075842 0.676427 0.247732
0.011682 0.688976 0.299342
0.158273 0.578186 0.263540
0.026416 0.738775 0.234809
0.171071 0.507874 0.321055
0.047990 0.737473 0.214537
0.075989 0.519869 0.404142
0.167876 0.689971 0.142153
0.087760 0.775334 0.136906
0.091480 0.816453 0.092067
0.214606 0.657536 0.127857
0.026663 0.914313 0.059023
0.108306 0.749235 0.142459
0.178323 0.689106 0.132571
0.068799 0.870367 0.060834
0.051650 0.841220 0.107130
0.081549 0.780108 0.138342
0.059580 0.763727 0.176693
0.121939 0.735234 0.142827
0.114591 0.741478 0.143931
0.155240 0.605122 0.239638
0.196426 0.606905 0.196669
0.141201 0.651866 0.206933
0.084817 0.742374 0.172809
0.055349 0.826180 0.118470
0.164750 0.708665 0.126585
0.041188 0.879697 0.079115
0.093341 0.775670 0.130989
0.105580 0.791962 0.102459
0.660551 0.266612 0.072837
0.504783 0.442368 0.052849
0.188624 0.651255 0.160121
0.099589 0.794996 0.105416
0.060786 0.651224 0.287990
0.006424 0.765380 0.228196
0.031451 0.769668 0.198881
0.148913 0.582370 0.268717
0.000010 0.860300 0.139690
0.002190 0.745210 0.252599
0.020178 0.867589 0.112233
0.112911 0.616512 0.270577
0.050788 0.714980 0.234231
0.067249 0.698448 0.234303
0.164078 0.548550 0.287371
0.000821 0.959472 0.039707
0.000010 0.679635 0.320355
0.007693 0.756664 0.235643
0.014439 0.749901 0.235660
0.049624 0.740106 0.210270
0.217689 0.656440 0.125871
0.097494 0.729700 0.172806
0.101326 0.719471 0.179203
0.143407 0.699269 0.157324
0.217953 0.644500 0.137548
0.086946 0.827785 0.085269
0.110389 0.781504 0.108107
0.096082 0.756738 0.147180
0.126022 0.798730 0.075248
0.090354 0.758300 0.151345
0.000010 0.473919 0.526071
0.344901 0.454562 0.200537
0.021588 0.621226 0.357186
0.046661 0.767231 0.186108
0.024163 0.624885 0.350951
0.049871 0.587596 0.362532
0.000010 0.753144 0.246846
0.017830 0.817404 0.164766
0.005189 0.849873 0.144937
0.043261 0.690781 0.265958
0.002772 0.733862 0.263366
0.028441 0.740395 0.231164
0.049102 0.738460 0.212438
0.108032 0.678260 0.213708
0.160862 0.553734 0.285405
0.121555 0.625809 0.252636
0.089186 0.668993 0.241821
0.101005 0.440380 0.458616
0.023595 0.692098 0.284307
0.002105 0.783141 0.214754
0.124510 0.610703 0.264786
0.082475 0.647125 0.270399
0.026732 0.629337 0.343931
0.020771 0.764224 0.215005
0.047824 0.744747 0.207429
0.048058 0.830951 0.120992
0.259211 0.475042 0.265747
0.150298 0.689446 0.160256
0.198196 0.667046 0.134758
0.070725 0.831545 0.097731
0.164427 0.654388 0.181186
0.153232 0.711532 0.135236
0.152421 0.680953 0.166626
0.162104 0.673546 0.164350
0.089664 0.812136 0.098200
0.073581 0.728983 0.197436
0.121662 0.702418 0.175920
0.122960 0.719921 0.157119
0.091356 0.664215 0.244429
0.019804 0.763944 0.216252
0.025806 0.510479 0.463715
0.003080 0.889846 0.107074
0.006326 0.958992 0.034682
0.160140 0.638435 0.201426
0.006369 0.611458 0.382173
0.022269 0.471585 0.506146
0.075563 0.665607 0.258830
0.058107 0.711048 0.230845
0.018610 0.618127 0.363263
0.036336 0.612078 0.351585
0.027615 0.608642 0.363743
0.151705 0.501391 0.346904
0.260416 0.431295 0.308289
0.169051 0.537263 0.293686
0.004167 0.830785 0.165048
0.006121 0.843209 0.150670
0.000930 0.867487 0.131583
0.020100 0.886957 0.092942
0.328919 0.413508 0.257573
0.016240 0.666083 0.317676
0.148472 0.723591 0.127938
0.010163 0.880242 0.109595
0.000168 0.866624 0.133208
0.015441 0.808238 0.176322
0.080760 0.546298 0.372942
0.091681 0.548694 0.359626
0.025928 0.656349 0.317723
0.037137 0.650334 0.312529
0.016509 0.973923 0.009567
0.022571 0.973160 0.004269
0.001305 0.998685 0.000010
0.009479 0.986329 0.004192
0.012020 0.987970 0.000010
0.006631 0.991238 0.002131
0.014482 0.985508 0.000010
0.000436 0.999554 0.000010
0.000010 0.999980 0.000010
0.000010 0.999980 0.000010
0.000010 0.999980 0.000010
0.000010 0.999980 0.000010
0.000010 0.999980 0.000010
0.000010 0.999980 0.000010
0.000010 0.999980 0.000010
0.000010 0.999980 0.000010
0.006890 0.993100 0.000010
0.019781 0.972205 0.008014
0.027685 0.972165 0.000150
0.012494 0.987496 0.000010
0.015511 0.981855 0.002634
0.014626 0.985364 0.000010
0.004564 0.989187 0.006248
0.001041 0.997429 0.001531
0.037717 0.758285 0.203998
0.363761 0.424732 0.211507
0.194042 0.503553 0.302406
0.000010 0.368312 0.631678
0.000010 0.569895 0.430095
0.000010 0.393905 0.606085
0.000010 0.110504 0.889486
0.043027 0.561606 0.395368
0.000010 0.440882 0.559108
0.017761 0.969707 0.012532
0.018045 0.975858 0.006097
0.000010 0.999980 0.000010
0.000011 0.999979 0.000010
0.001371 0.995274 0.003356
0.011658 0.983108 0.005234
0.015613 0.984377 0.000010
0.021809 0.975242 0.002949
0.002460 0.994623 0.002917
0.007205 0.985163 0.007633
0.010609 0.980476 0.008914
0.008256 0.982980 0.008764
0.009458 0.990532 0.000010
0.011134 0.983420 0.005446
0.018310 0.981680 0.000010
0.014219 0.977772 0.008009
0.002420 0.995515 0.002065
0.017602 0.973335 0.009063
0.058946 0.941044 0.000010
0.040497 0.959493 0.000010
0.000010 0.999980 0.000010
0.007092 0.992898 0.000010
0.027084 0.964550 0.008366
0.044550 0.955440 0.000010
0.003962 0.996028 0.000010
0.000422 0.999568 0.000010
0.002620 0.997370 0.000010
0.000010 0.999980 0.000010
0.000010 0.999980 0.000010
0.000010 0.999980 0.000010
0.000017 0.999973 0.000010
0.000802 0.999188 0.000010
0.000010 0.999980 0.000010
0.000010 0.999980 0.000010
0.017106 0.980692 0.002202
0.007455 0.992535 0.000010
0.048652 0.951338 0.000010
0.041128 0.950928 0.007944
0.017205 0.975653 0.007142
0.015753 0.984237 0.000010
0.000010 0.999980 0.000010
0.000010 0.999980 0.000010
0.030228 0.963633 0.006140
0.022318 0.971046 0.006637
0.012981 0.987009 0.000010
0.012176 0.975623 0.012201
0.016536 0.983454 0.000010
0.017732 0.982258 0.000010
0.000010 0.999980 0.000010
0.003419 0.996571 0.000010
0.011557 0.983863 0.004579
0.016830 0.975936 0.007234
0.007037 0.992953 0.000010
0.008131 0.991859 0.000010
0.006151 0.993839 0.000010
0.018148 0.981842 0.000010
0.013044 0.986946 0.000010
0.020035 0.978589 0.001376
0.003495 0.996495 0.000010
0.000010 0.999980 0.000010
0.000906 0.999084 0.000010
0.000010 0.999980 0.000010
0.000010 0.988136 0.011854
0.000010 0.999980 0.000010
0.000010 0.999980 0.000010
0.005737 0.994253 0.000010
0.013724 0.986266 0.000010
0.009987 0.990003 0.000010
0.000010 0.999980 0.000010
0.000010 0.999980 0.000010
0.034814 0.297808 0.667378
0.092938 0.378109 0.528953
0.000010 0.202602 0.797388
0.000010 0.287503 0.712487
0.000010 0.094262 0.905728
0.000010 0.285816 0.714174
0.000010 0.122102 0.877888
0.087177 0.217659 0.695165
0.000010 0.057513 0.942477
0.000010 0.120561 0.879429
0.000010 0.273268 0.726722
0.059959 0.303098 0.636943
0.000010 0.320061 0.679929
0.019211 0.364741 0.616048
0.000010 0.074674 0.925316
0.000010 0.303120 0.696870
0.031710 0.206248 0.762043
0.000010 0.224117 0.775873
0.002093 0.126728 0.871179
0.000010 0.268652 0.731338
0.010016 0.418049 0.571935
0.142222 0.192929 0.664849
0.027336 0.179625 0.793039
0.004592 0.091888 0.903520
0.000010 0.174367 0.825623
0.000010 0.155390 0.844600
0.000010 0.063849 0.936141
0.054127 0.391107 0.554766
0.000010 0.410184 0.589806
0.000010 0.097247 0.902743
0.000010 0.387471 0.612519
0.127625 0.335918 0.536457
0.013345 0.227865 0.758791
0.000010 0.104660 0.895330
0.000010 0.371427 0.628563
0.000010 0.267059 0.732931
0.000010 0.352148 0.647842
0.011474 0.309623 0.678902
0.000010 0.282590 0.717400
0.002959 0.300815 0.696227
0.000010 0.153254 0.846736
0.000010 0.176332 0.823658
0.000010 0.282573 0.717417
0.000010 0.238394 0.761596
0.360424 0.353389 0.286186
0.000010 0.228387 0.771603
0.000010 0.392210 0.607780
0.097374 0.383265 0.519361
0.000010 0.216331 0.783659
0.000010 0.167423 0.832567
0.000010 0.116841 0.883149
0.000010 0.175689 0.824301
0.000010 0.148431 0.851559
0.000010 0.114482 0.885508
0.001128 0.998862 0.000010
0.000010 0.994202 0.005788
0.001420 0.998570 0.000010
0.000010 0.998654 0.001336
0.000010 0.999980 0.000010
0.000010 0.999980 0.000010
0.000010 0.999980 0.000010
0.010791 0.989199 0.000010
0.016825 0.979678 0.003497
0.009756 0.990187 0.000057
0.007699 0.989638 0.002664
0.013230 0.986760 0.000010
0.020724 0.965981 0.013296
0.000010 0.386148 0.613842
0.000010 0.493695 0.506295
0.000010 0.087775 0.912215
0.000010 0.222517 0.777473
0.000010 0.270868 0.729122
0.000010 0.129130 0.870860
0.000010 0.129332 0.870658
0.000010 0.084755 0.915235
0.000010 0.048691 0.951299
0.207826 0.218004 0.574170
0.000010 0.110695 0.889295
0.000010 0.359750 0.640240
0.000010 0.163219 0.836771
0.000010 0.266791 0.733199
0.000010 0.296868 0.703122
0.000010 0.086519 0.913471
0.000010 0.197599 0.802391
0.000010 0.434287 0.565703
0.000010 0.196437 0.803553
0.000010 0.252875 0.747115
0.027733 0.236947 0.735321
0.000010 0.438241 0.561749
0.058047 0.433904 0.508049
0.000010 0.220972 0.779018
0.032784 0.442030 0.525186
0.987668 0.007637 0.004695
0.993706 0.006284 0.000010
0.989241 0.001876 0.008883
0.987077 0.009698 0.003225
0.990044 0.000010 0.009946
0.990238 0.003268 0.006494
0.990636 0.009354 0.000010
0.996350 0.000010 0.003640
0.999980 0.000010 0.000010
0.990162 0.001422 0.008417
0.991271 0.000010 0.008719
0.993755 0.000010 0.006235
0.982282 0.011645 0.006073
0.991008 0.006657 0.002335
0.982344 0.007398 0.010258
0.994484 0.005506 0.000010
0.990026 0.009964 0.000010
0.988461 0.008663 0.002876
0.986640 0.007381 0.005979
0.000010 0.000010 0.999980
0.000010 0.000010 0.999980
0.004170 0.000010 0.995820
0.000010 0.000010 0.999980
0.000010 0.000010 0.999980
0.000010 0.000010 0.999980
0.000010 0.000010 0.999980
0.000010 0.000010 0.999980
0.000010 0.000215 0.999775
0.000010 0.000010 0.999980
0.000010 0.000010 0.999980
0.000010 0.000010 0.999980
0.000010 0.000010 0.999980
0.000010 0.000010 0.999980
0.000010 0.000010 0.999980
0.000010 0.000010 0.999980
0.000010 0.000010 0.999980
0.000010 0.000010 0.999980
0.000010 0.000010 0.999980
0.004584 0.000010 0.995406
0.000010 0.000010 0.999980
0.000010 0.000010 0.999980
0.000010 0.000010 0.999980
0.000010 0.000010 0.999980
0.000010 0.005580 0.994410
0.000010 0.000010 0.999980
0.000010 0.000010 0.999980
0.000010 0.000010 0.999980
0.000010 0.000010 0.999980
0.000010 0.000010 0.999980
0.000010 0.002460 0.997530
0.000010 0.000010 0.999980
0.000010 0.000010 0.999980
0.000010 0.000010 0.999980
0.000010 0.000010 0.999980
0.000010 0.000010 0.999980
0.000010 0.000010 0.999980
0.000010 0.000010 0.999980
0.000018 0.000010 0.999972
0.000010 0.000010 0.999980
0.000010 0.000010 0.999980
0.000010 0.000010 0.999980
0.000010 0.000010 0.999980
0.000010 0.000010 0.999980
0.000010 0.000010 0.999980
0.000010 0.000010 0.999980
0.000010 0.000010 0.999980
0.000010 0.000010 0.999980
0.000012 0.000010 0.999978
0.000010 0.000010 0.999980
0.000624 0.000010 0.999366
0.000010 0.000010 0.999980
0.000010 0.000010 0.999980
0.000011 0.000010 0.999979
0.000010 0.000010 0.999980
0.000010 0.000010 0.999980
0.000010 0.000010 0.999980
0.000010 0.000010 0.999980
0.000010 0.000010 0.999980
0.000010 0.000010 0.999980
0.000010 0.000010 0.999980
0.000010 0.000010 0.999980
0.000010 0.000010 0.999980
0.000012 0.000010 0.999978
0.000010 0.000010 0.999980
0.000010 0.000010 0.999980
0.001884 0.001848 0.996268
0.000010 0.001155 0.998835
0.000010 0.000010 0.999980
0.000010 0.000010 0.999980
0.000010 0.000010 0.999980
0.002655 0.000010 0.997335
0.000010 0.000010 0.999980
0.000010 0.000010 0.999980
0.000010 0.012848 0.987142
0.000010 0.000010 0.999980
0.001710 0.000010 0.998280
0.000010 0.000010 0.999980
0.000010 0.000010 0.999980
0.000010 0.000010 0.999980
0.000010 0.000010 0.999980
0.000010 0.000010 0.999980
0.000010 0.000010 0.999980
0.000010 0.000010 0.999980
0.000010 0.000010 0.999980
0.000010 0.000010 0.999980
0.000010 0.000010 0.999980
0.000010 0.000010 0.999980
0.000010 0.000010 0.999980
0.000010 0.000010 0.999980
0.002603 0.020925 0.976472
0.000010 0.000010 0.999980
0.000011 0.000010 0.999979
0.000010 0.000010 0.999980
0.000010 0.000010 0.999980
0.000824 0.012344 0.986832
0.000792 0.004101 0.995107
0.000010 0.000010 0.999980
0.000010 0.000010 0.999980
0.000010 0.000010 0.999980
0.000010 0.000010 0.999980
0.000010 0.000010 0.999980
0.000010 0.000010 0.999980
0.993579 0.005121 0.001300
0.986871 0.007428 0.005702
0.992605 0.003053 0.004342
0.988407 0.000421 0.011171
0.986003 0.007980 0.006017
0.990729 0.002642 0.006629
0.988993 0.005822 0.005185
0.990027 0.002834 0.007139
0.996085 0.003905 0.000010
0.994836 0.000010 0.005154
0.986911 0.013079 0.000010
0.989334 0.004030 0.006636
0.983288 0.015533 0.001178
0.988370 0.008366 0.003264
0.975434 0.024556 0.000010
0.985867 0.013805 0.000328
0.990153 0.006796 0.003051
0.993733 0.000010 0.006257
0.998291 0.000010 0.001699
0.992744 0.000010 0.007246
0.980084 0.015767 0.004149
0.996987 0.000010 0.003003
0.995548 0.000010 0.004442
0.997019 0.001235 0.001746
0.987742 0.007612 0.004646
0.991811 0.008179 0.000010
0.985658 0.005172 0.009170
0.994512 0.000010 0.005478
0.992727 0.007263 0.000010
0.989608 0.000027 0.010364
0.988147 0.005787 0.006066
0.992419 0.000010 0.007571
0.989631 0.008941 0.001428
0.988377 0.006883 0.004740
0.993525 0.000010 0.006465
0.993607 0.000219 0.006174
0.992650 0.002391 0.004959
0.992164 0.002653 0.005184
0.991555 0.002757 0.005688
0.992218 0.005304 0.002478
0.990948 0.003153 0.005900
0.991885 0.001854 0.006261
0.958381 0.041528 0.000092
0.997487 0.000010 0.002503
0.994548 0.002012 0.003441
0.983870 0.010925 0.005205
0.990749 0.000010 0.009241
0.992787 0.000010 0.007203
0.990514 0.009476 0.000010
0.987172 0.010277 0.002551
0.986743 0.012129 0.001128
0.996893 0.003097 0.000010
0.987375 0.001212 0.011413
0.992416 0.000033 0.007551
0.993302 0.001340 0.005358
0.999980 0.000010 0.000010
0.987845 0.000010 0.012145
0.994391 0.003976 0.001633
0.986010 0.001441 0.012549
0.996413 0.001395 0.002193
0.984352 0.006759 0.008889
0.992264 0.001287 0.006448
0.989798 0.005085 0.005117
0.991139 0.000106 0.008755
0.993162 0.006828 0.000010
0.989608 0.007987 0.002405
0.985251 0.003087 0.011662
0.985251 0.007959 0.006790
0.988825 0.011165 0.000010
0.992574 0.003091 0.004335
0.991949 0.008041 0.000010
0.984977 0.002266 0.012757
0.995356 0.003222 0.001422
0.989631 0.000010 0.010359
0.994173 0.000010 0.005817
0.993891 0.006099 0.000010
0.991208 0.004016 0.004776
0.990319 0.000010 0.009671
0.993482 0.000900 0.005618
0.988184 0.006551 0.005265
0.991246 0.000991 0.007764
0.988521 0.011469 0.000010
0.996549 0.003441 0.000010
0.983586 0.006576 0.009838
0.998604 0.001386 0.000010
0.984251 0.010063 0.005686
0.996272 0.002261 0.001467
0.990522 0.000010 0.009468
0.992420 0.007393 0.000186
0.013065 0.940487 0.046448
0.024583 0.757536 0.217881
0.041552 0.719557 0.238890
0.029976 0.724847 0.245176
0.036829 0.470405 0.492766
0.034192 0.687606 0.278201
0.030493 0.431482 0.538025
0.010177 0.686861 0.302962
0.029978 0.531115 0.438907
0.040925 0.422874 0.536202
0.035545 0.474114 0.490341
0.007748 0.677009 0.315242
0.029396 0.542259 0.428345
0.022006 0.708307 0.269687
0.059769 0.750276 0.189955
0.025114 0.943040 0.031846
0.030848 0.440506 0.528647
0.006005 0.553163 0.440832
0.000043 0.718511 0.281446
0.031794 0.467458 0.500748
0.020411 0.451187 0.528402
0.041647 0.593013 0.365340
0.022419 0.390314 0.587267
0.029533 0.547543 0.422924
0.064065 0.493611 0.442324
0.022525 0.676196 0.301279
0.000010 0.437682 0.562308
0.000010 0.147473 0.852517
0.000010 0.169315 0.830675
0.000010 0.112028 0.887962
0.000010 0.124501 0.875489
0.000925 0.439941 0.559134
0.004853 0.213481 0.781667
0.011999 0.294225 0.693776
0.000010 0.236616 0.763374
0.010842 0.363352 0.625806
0.013752 0.500015 0.486233
0.023879 0.597712 0.378409
0.020495 0.709789 0.269716
0.013379 0.508687 0.477934
0.027165 0.352307 0.620528
0.046144 0.499717 0.454138
0.001899 0.290832 0.707270
0.009779 0.304510 0.685712
0.033677 0.461780 0.504544
0.040575 0.409663 0.549762
0.039331 0.608016 0.352653
0.039629 0.593297 0.367075
0.028850 0.507346 0.463804
0.011995 0.636707 0.351298
0.034455 0.538682 0.426862
0.073750 0.525028 0.401222
0.061145 0.537994 0.400862
0.028018 0.692098 0.279885
0.022162 0.647346 0.330492
0.047745 0.539253 0.413002
0.000010 0.337476 0.662514
0.025955 0.341781 0.632264
0.022875 0.454698 0.522428
0.021100 0.392294 0.586606
0.047560 0.545531 0.406909
0.040136 0.656594 0.303269
0.022003 0.708144 0.269853
0.044202 0.522899 0.432900
